6.00000 12.0000 18.0000 24.0000 30.0000 36.0000 
12.0000 24.0000 36.0000 48.0000 60.0000 72.0000 
18.0000 36.0000 54.0000 72.0000 90.0000 108.000 
24.0000 48.0000 72.0000 96.0000 120.000 144.000 
30.0000 60.0000 90.0000 120.000 150.000 180.000 
36.0000 72.0000 108.000 144.000 180.000 216.000 
