intervals = 1000  a = 1.00000  b =  2.00000
 area = 4.48756
