
initial state:
  11  12  13  14  15
  21  22  23  24  25
  31  32  33  34  35
  41  42  43  44  45
  51  52  53  54  55

row 2 assigned:
  11  12  13  14  15
   1   2   3   4   5
  31  32  33  34  35
  41  42  43  44  45
  51  52  53  54  55

row 3 sliced:
  11  12  13  14  15
  21  22  23  24  25
   1   2   3   4   5
  41  42  43  44  45
  51  52  53  54  55

column 4 sliced:
  11  12  13   1  15
  21  22  23   2  25
  31  32  33   3  35
  41  42  43   4  45
  51  52  53   5  55

transpose 1:
  11  21  31  41  51
  12  22  32  42  52
  13  23  33  43  53
  14  24  34  44  54
  15  25  35  45  55

transpose 2:
  11  21  31  41  51
  12  22  32  42  52
  13  23  33  43  53
  14  24  34  44  54
  15  25  35  45  55

transpose 3:
  11  21  31  41  51
  12  22  32  42  52
  13  23  33  43  53
  14  24  34  44  54
  15  25  35  45  55

transpose 4:
  11  21  31  41  51
  12  22  32  42  52
  13  23  33  43  53
  14  24  34  44  54
  15  25  35  45  55

center:
  22  23  24
  32  33  34
  42  43  44

filled y:
  11  21  31  41  51
  12  22  23  24  52
  13  32  33  34  53
  14  42  43  44  54
  15  25  35  45  55

set near upper left:
  11  12  13  14  15
  80  81  82  83  25
  90  91  92  93  35
  41  42  43  44  45
  51  52  53  54  55

set near lower right:
  11  12  13  14  15
  21  22  23  24  25
  31  80  81  82  83
  41  90  91  92  93
  51  52  53  54  55

array a:   11  22  33  44  55  66  77  88  99 110

array b:
  11  12  13  14
  21  22  23  24
  31  32  33  34
  41  42  43  44
  51  52  53  54

b[2,*]:   21  22  23  24

b[*,3]:   13  23  33  43  53

a[4]         44

a[1:*][4]    44

a[2:*][3]    44

b[2,2:3]:   22  23

b[2][2:3]:   22  23

b[2,*][2:3]:   22  23

b[2:2][1][2:3]:   22  23

b[2:2][1:*][1][2:3]:   22  23

b[1:*][2][2:3]:   22  23

e[1,1,*]:  111 112 113 114 115 116

e[1,*,1]:  111 121 131 141 151

e[*,1,1]:  111 211 311 411

e[2,*,*]:
 211 212 213 214 215 216
 221 222 223 224 225 226
 231 232 233 234 235 236
 241 242 243 244 245 246
 251 252 253 254 255 256

e[*,3,*]:
 131 132 133 134 135 136
 231 232 233 234 235 236
 331 332 333 334 335 336
 431 432 433 434 435 436

e[*,*,4]:
 114 124 134 144 154
 214 224 234 244 254
 314 324 334 344 354
 414 424 434 444 454

with x:
 311  11  12  13  14  15
 321  21  22  23  24  25
 331  31  32  33  34  35
 341  41  42  43  44  45
 351  51  52  53  54  55
jkl
jkl
jkl
jkl
jkl
jkl

done
