0 111 450 751 1541 794 2290 1319 1448 1549 814 1665 627 1798
111 0 368 650 1588 869 2301 1223 1452 1570 869 1672 590 1815
450 368 0 338 1946 1237 2611 1205 1757 1900 1234 1979 849 2136
751 650 338 0 2139 1499 2705 1017 1861 2037 1464 2079 956 2254
1541 1588 1946 2139 0 812 946 1912 593 373 730 594 1208 525
794 869 1237 1499 812 0 1696 1663 975 955 187 1145 769 1207
2290 2301 1611 2705 946 1696 0 2097 854 752 1560 632 1767 497
1319 1223 1205 1017 1912 1663 2097 0 1400 1644 1519 1568 898 1769
1448 1452 1757 1861 593 975 854 1400 0 250 802 222 914 398
1549 1570 1900 2037 373 955 752 1644 250 0 809 229 1081 256
814 869 1234 1464 730 187 1560 1519 802 809 0 984 642 1065
1665 1672 1979 2079 594 1145 632 1568 222 229 984 0 1135 201
627 590 849 956 1208 769 1767 898 914 1081 642 1135 0 1302
1798 1815 2136 2254 525 1207 497 1769 398 256 1065 201 1302 0
